x=0.045
y=-0.212
z=0.12
rx=17.20001
ry=359.6
rz=-6.98237E-09
fov=70
near=0.05
far=400
sceneResolutionScale=0
frameSkip = 0
nearOffset = 0
farOffset = 0
hmdOffset=-0.050
r = 0
g = 0
b = 0
a = 0